   9.9999999747524271E-007
   1.0000999999997475E-002
   2.0000999999997476E-002
   3.0000999999997474E-002
   4.0000999999997476E-002
   5.0000999999997478E-002
   6.0000999999997480E-002
   7.0000999999997482E-002
   8.0000999999997477E-002
   9.0000999999997472E-002
  0.10000099999999747     
  0.11000099999999746     
  0.12000099999999746     
  0.13000099999999745     
  0.14000099999999746     
  0.15000099999999747     
  0.16000099999999748     
  0.17000099999999749     
  0.18000099999999750     
  0.19000099999999751     
  0.20000099999999751     
  0.21000099999999752     
  0.22000099999999753     
  0.23000099999999754     
  0.24000099999999755     
  0.25000099999999753     
  0.26000099999999754     
  0.27000099999999755     
  0.28000099999999756     
  0.29000099999999757     
  0.30000099999999758     
  0.31000099999999758     
  0.32000099999999759     
  0.33000099999999760     
  0.34000099999999761     
  0.35000099999999762     
  0.36000099999999763     
  0.37000099999999764     
  0.38000099999999765     
  0.39000099999999766     
  0.40000099999999766     
  0.41000099999999767     
  0.42000099999999768     
  0.43000099999999769     
  0.44000099999999770     
  0.45000099999999771     
  0.46000099999999772     
  0.47000099999999773     
  0.48000099999999774     
  0.49000099999999774     
  0.50000099999999770     
  0.51000099999999771     
  0.52000099999999772     
  0.53000099999999772     
  0.54000099999999773     
  0.55000099999999774     
  0.56000099999999775     
  0.57000099999999776     
  0.58000099999999777     
  0.59000099999999778     
  0.60000099999999779     
  0.61000099999999779     
  0.62000099999999780     
  0.63000099999999781     
  0.64000099999999782     
  0.65000099999999783     
  0.66000099999999784     
  0.67000099999999785     
  0.68000099999999786     
  0.69000099999999787     
  0.70000099999999787     
  0.71000099999999788     
  0.72000099999999789     
  0.73000099999999790     
  0.74000099999999791     
  0.75000099999999792     
  0.76000099999999793     
  0.77000099999999794     
  0.78000099999999795     
  0.79000099999999795     
  0.80000099999999796     
  0.81000099999999797     
  0.82000099999999798     
  0.83000099999999799     
  0.84000099999999800     
  0.85000099999999801     
  0.86000099999999802     
  0.87000099999999803     
  0.88000099999999803     
  0.89000099999999804     
  0.90000099999999805     
  0.91000099999999806     
  0.92000099999999807     
  0.93000099999999808     
  0.94000099999999809     
  0.95000099999999810     
  0.96000099999999811     
  0.97000099999999811     
  0.98000099999999812     
  0.99000099999999813     
   1.0000009999999981     
   1.0100009999999982     
   1.0200009999999982     
   1.0300009999999982     
   1.0400009999999982     
   1.0500009999999982     
   1.0600009999999982     
   1.0700009999999982     
   1.0800009999999982     
   1.0900009999999982     
   1.1000009999999982     
   1.1100009999999982     
   1.1200009999999982     
   1.1300009999999983     
   1.1400009999999983     
   1.1500009999999983     
   1.1600009999999983     
   1.1700009999999983     
   1.1800009999999983     
   1.1900009999999983     
   1.2000009999999983     
   1.2100009999999983     
   1.2200009999999983     
   1.2300009999999983     
   1.2400009999999984     
   1.2500009999999984     
   1.2600009999999984     
   1.2700009999999984     
   1.2800009999999984     
   1.2900009999999984     
   1.3000009999999984     
   1.3100009999999984     
   1.3200009999999984     
   1.3300009999999984     
   1.3400009999999984     
   1.3500009999999985     
   1.3600009999999985     
   1.3700009999999985     
   1.3800009999999985     
   1.3900009999999985     
   1.4000009999999985     
   1.4100009999999985     
   1.4200009999999985     
   1.4300009999999985     
   1.4400009999999985     
   1.4500009999999985     
   1.4600009999999985     
   1.4700009999999986     
   1.4800009999999986     
   1.4900009999999986     
   1.5000009999999986     
   1.5100009999999986     
   1.5200009999999986     
   1.5300009999999986     
   1.5400009999999986     
   1.5500009999999986     
   1.5600009999999986     
   1.5700009999999986     
   1.5800009999999987     
   1.5900009999999987     
   1.6000009999999987     
   1.6100009999999987     
   1.6200009999999987     
   1.6300009999999987     
   1.6400009999999987     
   1.6500009999999987     
   1.6600009999999987     
   1.6700009999999987     
   1.6800009999999987     
   1.6900009999999988     
   1.7000009999999988     
   1.7100009999999988     
   1.7200009999999988     
   1.7300009999999988     
   1.7400009999999988     
   1.7500009999999988     
   1.7600009999999988     
   1.7700009999999988     
   1.7800009999999988     
   1.7900009999999988     
   1.8000009999999989     
   1.8100009999999989     
   1.8200009999999989     
   1.8300009999999989     
   1.8400009999999989     
   1.8500009999999989     
   1.8600009999999989     
   1.8700009999999989     
   1.8800009999999989     
   1.8900009999999989     
   1.9000009999999989     
   1.9100009999999989     
   1.9200009999999990     
   1.9300009999999990     
   1.9400009999999990     
   1.9500009999999990     
   1.9600009999999990     
   1.9700009999999990     
   1.9800009999999990     
   1.9900009999999990     
   2.0000009999999988     
   2.0100009999999986     
   2.0200009999999984     
   2.0300009999999982     
   2.0400009999999980     
   2.0500009999999977     
   2.0600009999999975     
   2.0700009999999973     
   2.0800009999999971     
   2.0900009999999969     
   2.1000009999999967     
   2.1100009999999965     
   2.1200009999999962     
   2.1300009999999960     
   2.1400009999999958     
   2.1500009999999956     
   2.1600009999999954     
   2.1700009999999952     
   2.1800009999999950     
   2.1900009999999948     
   2.2000009999999945     
   2.2100009999999943     
   2.2200009999999941     
   2.2300009999999939     
   2.2400009999999937     
   2.2500009999999935     
   2.2600009999999933     
   2.2700009999999931     
   2.2800009999999928     
   2.2900009999999926     
   2.3000009999999924     
   2.3100009999999922     
   2.3200009999999920     
   2.3300009999999918     
   2.3400009999999916     
   2.3500009999999913     
   2.3600009999999911     
   2.3700009999999909     
   2.3800009999999907     
   2.3900009999999905     
   2.4000009999999903     
   2.4100009999999901     
   2.4200009999999899     
   2.4300009999999896     
   2.4400009999999894     
   2.4500009999999892     
   2.4600009999999890     
   2.4700009999999888     
   2.4800009999999886     
   2.4900009999999884     
   2.5000009999999881     
   2.5100009999999879     
   2.5200009999999877     
   2.5300009999999875     
   2.5400009999999873     
   2.5500009999999871     
   2.5600009999999869     
   2.5700009999999867     
   2.5800009999999864     
   2.5900009999999862     
   2.6000009999999860     
   2.6100009999999858     
   2.6200009999999856     
   2.6300009999999854     
   2.6400009999999852     
   2.6500009999999850     
   2.6600009999999847     
   2.6700009999999845     
   2.6800009999999843     
   2.6900009999999841     
   2.7000009999999839     
   2.7100009999999837     
   2.7200009999999835     
   2.7300009999999832     
   2.7400009999999830     
   2.7500009999999828     
   2.7600009999999826     
   2.7700009999999824     
   2.7800009999999822     
   2.7900009999999820     
   2.8000009999999818     
   2.8100009999999815     
   2.8200009999999813     
   2.8300009999999811     
   2.8400009999999809     
   2.8500009999999807     
   2.8600009999999805     
   2.8700009999999803     
   2.8800009999999800     
   2.8900009999999798     
   2.9000009999999796     
   2.9100009999999794     
   2.9200009999999792     
   2.9300009999999790     
   2.9400009999999788     
   2.9500009999999786     
   2.9600009999999783     
   2.9700009999999781     
   2.9800009999999779     
   2.9900009999999777     
   3.0000009999999775     
   3.0100009999999773     
   3.0200009999999771     
   3.0300009999999769     
   3.0400009999999766     
   3.0500009999999764     
   3.0600009999999762     
   3.0700009999999760     
   3.0800009999999758     
   3.0900009999999756     
   3.1000009999999754     
   3.1100009999999751     
   3.1200009999999749     
   3.1300009999999747     
   3.1400009999999745     
   3.1500009999999743     
   3.1600009999999741     
   3.1700009999999739     
   3.1800009999999737     
   3.1900009999999734     
   3.2000009999999732     
   3.2100009999999730     
   3.2200009999999728     
   3.2300009999999726     
   3.2400009999999724     
   3.2500009999999722     
   3.2600009999999719     
   3.2700009999999717     
   3.2800009999999715     
   3.2900009999999713     
   3.3000009999999711     
   3.3100009999999709     
   3.3200009999999707     
   3.3300009999999705     
   3.3400009999999702     
   3.3500009999999700     
   3.3600009999999698     
   3.3700009999999696     
   3.3800009999999694     
   3.3900009999999692     
   3.4000009999999690     
   3.4100009999999688     
   3.4200009999999685     
   3.4300009999999683     
   3.4400009999999681     
   3.4500009999999679     
   3.4600009999999677     
   3.4700009999999675     
   3.4800009999999673     
   3.4900009999999670     
   3.5000009999999668     
   3.5100009999999666     
   3.5200009999999664     
   3.5300009999999662     
   3.5400009999999660     
   3.5500009999999658     
   3.5600009999999656     
   3.5700009999999653     
   3.5800009999999651     
   3.5900009999999649     
   3.6000009999999647     
   3.6100009999999645     
   3.6200009999999643     
   3.6300009999999641     
   3.6400009999999638     
   3.6500009999999636     
   3.6600009999999634     
   3.6700009999999632     
   3.6800009999999630     
   3.6900009999999628     
   3.7000009999999626     
   3.7100009999999624     
   3.7200009999999621     
   3.7300009999999619     
   3.7400009999999617     
   3.7500009999999615     
   3.7600009999999613     
   3.7700009999999611     
   3.7800009999999609     
   3.7900009999999607     
   3.8000009999999604     
   3.8100009999999602     
   3.8200009999999600     
   3.8300009999999598     
   3.8400009999999596     
   3.8500009999999594     
   3.8600009999999592     
   3.8700009999999589     
   3.8800009999999587     
   3.8900009999999585     
   3.9000009999999583     
   3.9100009999999581     
   3.9200009999999579     
   3.9300009999999577     
   3.9400009999999575     
   3.9500009999999572     
   3.9600009999999570     
   3.9700009999999568     
   3.9800009999999566     
   3.9900009999999564     
   4.0000009999999566     
   4.0100009999999564     
   4.0200009999999562     
   4.0300009999999560     
   4.0400009999999558     
   4.0500009999999556     
   4.0600009999999553     
   4.0700009999999551     
   4.0800009999999549     
   4.0900009999999547     
   4.1000009999999545     
   4.1100009999999543     
   4.1200009999999541     
   4.1300009999999538     
   4.1400009999999536     
   4.1500009999999534     
   4.1600009999999532     
   4.1700009999999530     
   4.1800009999999528     
   4.1900009999999526     
   4.2000009999999524     
   4.2100009999999521     
   4.2200009999999519     
   4.2300009999999517     
   4.2400009999999515     
   4.2500009999999513     
   4.2600009999999511     
   4.2700009999999509     
   4.2800009999999507     
   4.2900009999999504     
   4.3000009999999502     
   4.3100009999999500     
   4.3200009999999498     
   4.3300009999999496     
   4.3400009999999494     
   4.3500009999999492     
   4.3600009999999489     
   4.3700009999999487     
   4.3800009999999485     
   4.3900009999999483     
   4.4000009999999481     
   4.4100009999999479     
   4.4200009999999477     
   4.4300009999999475     
   4.4400009999999472     
   4.4500009999999470     
   4.4600009999999468     
   4.4700009999999466     
   4.4800009999999464     
   4.4900009999999462     
   4.5000009999999460     
   4.5100009999999457     
   4.5200009999999455     
   4.5300009999999453     
   4.5400009999999451     
   4.5500009999999449     
   4.5600009999999447     
   4.5700009999999445     
   4.5800009999999443     
   4.5900009999999440     
   4.6000009999999438     
   4.6100009999999436     
   4.6200009999999434     
   4.6300009999999432     
   4.6400009999999430     
   4.6500009999999428     
   4.6600009999999426     
   4.6700009999999423     
   4.6800009999999421     
   4.6900009999999419     
   4.7000009999999417     
   4.7100009999999415     
   4.7200009999999413     
   4.7300009999999411     
   4.7400009999999408     
   4.7500009999999406     
   4.7600009999999404     
   4.7700009999999402     
   4.7800009999999400     
   4.7900009999999398     
   4.8000009999999396     
   4.8100009999999394     
   4.8200009999999391     
   4.8300009999999389     
   4.8400009999999387     
   4.8500009999999385     
   4.8600009999999383     
   4.8700009999999381     
   4.8800009999999379     
   4.8900009999999376     
   4.9000009999999374     
   4.9100009999999372     
   4.9200009999999370     
   4.9300009999999368     
   4.9400009999999366     
   4.9500009999999364     
   4.9600009999999362     
   4.9700009999999359     
   4.9800009999999357     
   4.9900009999999355     
   5.0000009999999353     
   5.0100009999999351     
   5.0200009999999349     
   5.0300009999999347     
   5.0400009999999345     
   5.0500009999999342     
   5.0600009999999340     
   5.0700009999999338     
   5.0800009999999336     
   5.0900009999999334     
   5.1000009999999332     
   5.1100009999999330     
   5.1200009999999327     
   5.1300009999999325     
   5.1400009999999323     
   5.1500009999999321     
   5.1600009999999319     
   5.1700009999999317     
   5.1800009999999315     
   5.1900009999999313     
   5.2000009999999310     
   5.2100009999999308     
   5.2200009999999306     
   5.2300009999999304     
   5.2400009999999302     
   5.2500009999999300     
   5.2600009999999298     
   5.2700009999999295     
   5.2800009999999293     
   5.2900009999999291     
   5.3000009999999289     
   5.3100009999999287     
   5.3200009999999285     
   5.3300009999999283     
   5.3400009999999281     
   5.3500009999999278     
   5.3600009999999276     
   5.3700009999999274     
   5.3800009999999272     
   5.3900009999999270     
   5.4000009999999268     
   5.4100009999999266     
   5.4200009999999263     
   5.4300009999999261     
   5.4400009999999259     
   5.4500009999999257     
   5.4600009999999255     
   5.4700009999999253     
   5.4800009999999251     
   5.4900009999999249     
   5.5000009999999246     
   5.5100009999999244     
   5.5200009999999242     
   5.5300009999999240     
   5.5400009999999238     
   5.5500009999999236     
   5.5600009999999234     
   5.5700009999999232     
   5.5800009999999229     
   5.5900009999999227     
   5.6000009999999225     
   5.6100009999999223     
   5.6200009999999221     
   5.6300009999999219     
   5.6400009999999217     
   5.6500009999999214     
   5.6600009999999212     
   5.6700009999999210     
   5.6800009999999208     
   5.6900009999999206     
   5.7000009999999204     
   5.7100009999999202     
   5.7200009999999200     
   5.7300009999999197     
   5.7400009999999195     
   5.7500009999999193     
   5.7600009999999191     
   5.7700009999999189     
   5.7800009999999187     
   5.7900009999999185     
   5.8000009999999182     
   5.8100009999999180     
   5.8200009999999178     
   5.8300009999999176     
   5.8400009999999174     
   5.8500009999999172     
   5.8600009999999170     
   5.8700009999999168     
   5.8800009999999165     
   5.8900009999999163     
   5.9000009999999161     
   5.9100009999999159     
   5.9200009999999157     
   5.9300009999999155     
   5.9400009999999153     
   5.9500009999999151     
   5.9600009999999148     
   5.9700009999999146     
   5.9800009999999144     
   5.9900009999999142     
   6.0000009999999140     
   6.0100009999999138     
   6.0200009999999136     
   6.0300009999999133     
   6.0400009999999131     
   6.0500009999999129     
   6.0600009999999127     
   6.0700009999999125     
   6.0800009999999123     
   6.0900009999999121     
   6.1000009999999119     
   6.1100009999999116     
   6.1200009999999114     
   6.1300009999999112     
   6.1400009999999110     
   6.1500009999999108     
   6.1600009999999106     
   6.1700009999999104     
   6.1800009999999101     
   6.1900009999999099     
   6.2000009999999097     
   6.2100009999999095     
   6.2200009999999093     
   6.2300009999999091     
   6.2400009999999089     
   6.2500009999999087     
   6.2600009999999084     
   6.2700009999999082     
   6.2800009999999080     
   6.2900009999999078     
   6.3000009999999076     
   6.3100009999999074     
   6.3200009999999072     
   6.3300009999999070     
   6.3400009999999067     
   6.3500009999999065     
   6.3600009999999063     
   6.3700009999999061     
   6.3800009999999059     
   6.3900009999999057     
   6.4000009999999055     
   6.4100009999999052     
   6.4200009999999050     
   6.4300009999999048     
   6.4400009999999046     
   6.4500009999999044     
   6.4600009999999042     
   6.4700009999999040     
   6.4800009999999038     
   6.4900009999999035     
   6.5000009999999033     
   6.5100009999999031     
   6.5200009999999029     
   6.5300009999999027     
   6.5400009999999025     
   6.5500009999999023     
   6.5600009999999020     
   6.5700009999999018     
   6.5800009999999016     
   6.5900009999999014     
   6.6000009999999012     
   6.6100009999999010     
   6.6200009999999008     
   6.6300009999999006     
   6.6400009999999003     
   6.6500009999999001     
   6.6600009999998999     
   6.6700009999998997     
   6.6800009999998995     
   6.6900009999998993     
   6.7000009999998991     
   6.7100009999998989     
   6.7200009999998986     
   6.7300009999998984     
   6.7400009999998982     
   6.7500009999998980     
   6.7600009999998978     
   6.7700009999998976     
   6.7800009999998974     
   6.7900009999998971     
   6.8000009999998969     
   6.8100009999998967     
   6.8200009999998965     
   6.8300009999998963     
   6.8400009999998961     
   6.8500009999998959     
   6.8600009999998957     
   6.8700009999998954     
   6.8800009999998952     
   6.8900009999998950     
   6.9000009999998948     
   6.9100009999998946     
   6.9200009999998944     
   6.9300009999998942     
   6.9400009999998939     
   6.9500009999998937     
   6.9600009999998935     
   6.9700009999998933     
   6.9800009999998931     
   6.9900009999998929     
   7.0000009999998927     
   7.0100009999998925     
   7.0200009999998922     
   7.0300009999998920     
   7.0400009999998918     
   7.0500009999998916     
   7.0600009999998914     
   7.0700009999998912     
   7.0800009999998910     
   7.0900009999998908     
   7.1000009999998905     
   7.1100009999998903     
   7.1200009999998901     
   7.1300009999998899     
   7.1400009999998897     
   7.1500009999998895     
   7.1600009999998893     
   7.1700009999998890     
   7.1800009999998888     
   7.1900009999998886     
   7.2000009999998884     
   7.2100009999998882     
   7.2200009999998880     
   7.2300009999998878     
   7.2400009999998876     
   7.2500009999998873     
   7.2600009999998871     
   7.2700009999998869     
   7.2800009999998867     
   7.2900009999998865     
   7.3000009999998863     
   7.3100009999998861     
   7.3200009999998858     
   7.3300009999998856     
   7.3400009999998854     
   7.3500009999998852     
   7.3600009999998850     
   7.3700009999998848     
   7.3800009999998846     
   7.3900009999998844     
   7.4000009999998841     
   7.4100009999998839     
   7.4200009999998837     
   7.4300009999998835     
   7.4400009999998833     
   7.4500009999998831     
   7.4600009999998829     
   7.4700009999998827     
   7.4800009999998824     
   7.4900009999998822     
   7.5000009999998820     
   7.5100009999998818     
   7.5200009999998816     
   7.5300009999998814     
   7.5400009999998812     
   7.5500009999998809     
   7.5600009999998807     
   7.5700009999998805     
   7.5800009999998803     
   7.5900009999998801     
   7.6000009999998799     
   7.6100009999998797     
   7.6200009999998795     
   7.6300009999998792     
   7.6400009999998790     
   7.6500009999998788     
   7.6600009999998786     
   7.6700009999998784     
   7.6800009999998782     
   7.6900009999998780     
   7.7000009999998777     
   7.7100009999998775     
   7.7200009999998773     
   7.7300009999998771     
   7.7400009999998769     
   7.7500009999998767     
   7.7600009999998765     
   7.7700009999998763     
   7.7800009999998760     
   7.7900009999998758     
   7.8000009999998756     
   7.8100009999998754     
   7.8200009999998752     
   7.8300009999998750     
   7.8400009999998748     
   7.8500009999998746     
   7.8600009999998743     
   7.8700009999998741     
   7.8800009999998739     
   7.8900009999998737     
   7.9000009999998735     
   7.9100009999998733     
   7.9200009999998731     
   7.9300009999998728     
   7.9400009999998726     
   7.9500009999998724     
   7.9600009999998722     
   7.9700009999998720     
   7.9800009999998718     
   7.9900009999998716     
   8.0000009999998714     
   8.0100009999998711     
   8.0200009999998709     
   8.0300009999998707     
   8.0400009999998705     
   8.0500009999998703     
   8.0600009999998701     
   8.0700009999998699     
   8.0800009999998696     
   8.0900009999998694     
   8.1000009999998692     
   8.1100009999998690     
   8.1200009999998688     
   8.1300009999998686     
   8.1400009999998684     
   8.1500009999998682     
   8.1600009999998679     
   8.1700009999998677     
   8.1800009999998675     
   8.1900009999998673     
   8.2000009999998671     
   8.2100009999998669     
   8.2200009999998667     
   8.2300009999998665     
   8.2400009999998662     
   8.2500009999998660     
   8.2600009999998658     
   8.2700009999998656     
   8.2800009999998654     
   8.2900009999998652     
   8.3000009999998650     
   8.3100009999998647     
   8.3200009999998645     
   8.3300009999998643     
   8.3400009999998641     
   8.3500009999998639     
   8.3600009999998637     
   8.3700009999998635     
   8.3800009999998633     
   8.3900009999998630     
   8.4000009999998628     
   8.4100009999998626     
   8.4200009999998624     
   8.4300009999998622     
   8.4400009999998620     
   8.4500009999998618     
   8.4600009999998615     
   8.4700009999998613     
   8.4800009999998611     
   8.4900009999998609     
   8.5000009999998607     
   8.5100009999998605     
   8.5200009999998603     
   8.5300009999998601     
   8.5400009999998598     
   8.5500009999998596     
   8.5600009999998594     
   8.5700009999998592     
   8.5800009999998590     
   8.5900009999998588     
   8.6000009999998586     
   8.6100009999998584     
   8.6200009999998581     
   8.6300009999998579     
   8.6400009999998577     
   8.6500009999998575     
   8.6600009999998573     
   8.6700009999998571     
   8.6800009999998569     
   8.6900009999998566     
   8.7000009999998564     
   8.7100009999998562     
   8.7200009999998560     
   8.7300009999998558     
   8.7400009999998556     
   8.7500009999998554     
   8.7600009999998552     
   8.7700009999998549     
   8.7800009999998547     
   8.7900009999998545     
   8.8000009999998543     
   8.8100009999998541     
   8.8200009999998539     
   8.8300009999998537     
   8.8400009999998534     
   8.8500009999998532     
   8.8600009999998530     
   8.8700009999998528     
   8.8800009999998526     
   8.8900009999998524     
   8.9000009999998522     
   8.9100009999998520     
   8.9200009999998517     
   8.9300009999998515     
   8.9400009999998513     
   8.9500009999998511     
   8.9600009999998509     
   8.9700009999998507     
   8.9800009999998505     
   8.9900009999998503     
   9.0000009999998500     
   9.0100009999998498     
   9.0200009999998496     
   9.0300009999998494     
   9.0400009999998492     
   9.0500009999998490     
   9.0600009999998488     
   9.0700009999998485     
   9.0800009999998483     
   9.0900009999998481     
   9.1000009999998479     
   9.1100009999998477     
   9.1200009999998475     
   9.1300009999998473     
   9.1400009999998471     
   9.1500009999998468     
   9.1600009999998466     
   9.1700009999998464     
   9.1800009999998462     
   9.1900009999998460     
   9.2000009999998458     
   9.2100009999998456     
   9.2200009999998453     
   9.2300009999998451     
   9.2400009999998449     
   9.2500009999998447     
   9.2600009999998445     
   9.2700009999998443     
   9.2800009999998441     
   9.2900009999998439     
   9.3000009999998436     
   9.3100009999998434     
   9.3200009999998432     
   9.3300009999998430     
   9.3400009999998428     
   9.3500009999998426     
   9.3600009999998424     
   9.3700009999998422     
   9.3800009999998419     
   9.3900009999998417     
   9.4000009999998415     
   9.4100009999998413     
   9.4200009999998411     
   9.4300009999998409     
   9.4400009999998407     
   9.4500009999998404     
   9.4600009999998402     
   9.4700009999998400     
   9.4800009999998398     
   9.4900009999998396     
   9.5000009999998394     
   9.5100009999998392     
   9.5200009999998390     
   9.5300009999998387     
   9.5400009999998385     
   9.5500009999998383     
   9.5600009999998381     
   9.5700009999998379     
   9.5800009999998377     
   9.5900009999998375     
   9.6000009999998372     
   9.6100009999998370     
   9.6200009999998368     
   9.6300009999998366     
   9.6400009999998364     
   9.6500009999998362     
   9.6600009999998360     
   9.6700009999998358     
   9.6800009999998355     
   9.6900009999998353     
   9.7000009999998351     
   9.7100009999998349     
   9.7200009999998347     
   9.7300009999998345     
   9.7400009999998343     
   9.7500009999998341     
   9.7600009999998338     
   9.7700009999998336     
   9.7800009999998334     
   9.7900009999998332     
   9.8000009999998330     
   9.8100009999998328     
   9.8200009999998326     
   9.8300009999998323     
   9.8400009999998321     
   9.8500009999998319     
   9.8600009999998317     
   9.8700009999998315     
   9.8800009999998313     
   9.8900009999998311     
   9.9000009999998309     
   9.9100009999998306     
   9.9200009999998304     
   9.9300009999998302     
   9.9400009999998300     
   9.9500009999998298     
   9.9600009999998296     
   9.9700009999998294     
   9.9800009999998291     
   9.9900009999998289     
