   9.9999999747524271E-007
   9.9014991333374724E-003
   1.9604975213802840E-002
   2.9114368613121749E-002
   3.8432580921857890E-002
   4.7562475217922590E-002
   5.6506876533873200E-002
   6.5268572328576691E-002
   7.3850312954725814E-002
   8.2254812121116669E-002
   9.0484747349505470E-002
   9.8542760426039766E-002
  0.10643145784730432     
  0.11415341126103559     
  0.12171115790156317     
  0.12910720102003773     
  0.13634401030950541     
  0.14342402232488810     
  0.15034964089792874     
  0.15712323754716012     
  0.16374715188295508     
  0.17022369200771525     
  0.17655513491125518     
  0.18274372686143758     
  0.18879168379011510     
  0.19470119167443353     
  0.20047440691355031     
  0.20611345670082187     
  0.21162043939151279     
  0.21699742486607895     
  0.22224645488907632     
  0.22736954346374658     
  0.23236867718232990     
  0.23724581557215504     
  0.24200289143755596     
  0.24664181119766365     
  0.25116445522012165     
  0.25557267815077273     
  0.25986830923936394     
  0.26405315266131679     
  0.26812898783560818     
  0.27209756973880805     
  0.27596062921531878     
  0.27971987328386017     
  0.28337698544024503     
  0.28693362595648814     
  0.29039143217629143     
  0.29375201880694873     
  0.29701697820771117     
  0.30018788067465518     
  0.30326627472209439     
  0.30625368736057534     
  0.30915162437149774     
  0.31196157057839874     
  0.31468499011494017     
  0.31732332668963775     
  0.31987800384737064     
  0.32235042522770890     
  0.32474197482009665     
  0.32705401721592758     
  0.32928789785754964     
  0.33144494328423491     
  0.33352646137515046     
  0.33553374158936572     
  0.33746805520293066     
  0.33933065554306019     
  0.34112277821945819     
  0.34284564135281514     
  0.34450044580051281     
  0.34608837537956882     
  0.34761059708685366     
  0.34906826131661245     
  0.35046250207532337     
  0.35179443719392378     
  0.35306516853743569     
  0.35427578221202116     
  0.35542734876949755     
  0.35652092340934366     
  0.35755754617822522     
  0.35853824216707020     
  0.35946402170572228     
  0.36033588055520138     
  0.36115480009759954     
  0.36192174752364031     
  0.36263767601792907     
  0.36330352494192203     
  0.36392022001464069     
  0.36448867349115849     
  0.36500978433888637     
  0.36548443841168310     
  0.36591350862181637     
  0.36629785510980001     
  0.36663832541213282     
  0.36693575462696365     
  0.36719096557770786     
  0.36740476897463886     
  0.36757796357447936     
  0.36771133633801606     
  0.36780566258576119     
  0.36786170615168395     
  0.36788021953503552     
  0.36786194405028966     
  0.36780760997522155     
  0.36771793669714758     
  0.36759363285734714     
  0.36743539649368889     
  0.36724391518148258     
  0.36701986617257765     
  0.36676391653272949     
  0.36647672327725439     
  0.36615893350499307     
  0.36581118453060357     
  0.36543410401520321     
  0.36502831009537939     
  0.36459441151058886     
  0.36413300772896451     
  0.36364468907154923     
  0.36313003683497508     
  0.36258962341260681     
  0.36202401241416826     
  0.36143375878386941     
  0.36081940891705228     
  0.36018150077537359     
  0.35952056400054161     
  0.35883712002662449     
  0.35813168219094760     
  0.35740475584359621     
  0.35665683845554097     
  0.35588841972540219     
  0.35509998168486984     
  0.35429199880279488     
  0.35346493808796842     
  0.35261925919060416     
  0.35175541450253994     
  0.35087384925617388     
  0.34997500162215006     
  0.34905930280580932     
  0.34812717714241953     
  0.34717904219120060     
  0.34621530882815837     
  0.34523638133774204     
  0.34424265750333921     
  0.34323452869662274     
  0.34221237996576293     
  0.34117659012251950     
  0.34012753182822608     
  0.33906557167868118     
  0.33799107028795877     
  0.33690438237115150     
  0.33580585682605935     
  0.33469583681383702     
  0.33357465983861201     
  0.33244265782608656     
  0.33130015720113515     
  0.33014747896441032     
  0.32898493876796853     
  0.32781284698992791     
  0.32663150880817027     
  0.32544122427309807     
  0.32424228837945879     
  0.32303499113724710     
  0.32181961764169725     
  0.32059644814237553     
  0.31936575811138473     
  0.31812781831069081     
  0.31688289485858284     
  0.31563124929527692     
  0.31437313864767374     
  0.31310881549328146     
  0.31183852802331258     
  0.31056252010496627     
  0.30928103134290524     
  0.30799429713993731     
  0.30670254875691161     
  0.30540601337183848     
  0.30410491413824337     
  0.30279947024276332     
  0.30148989696199596     
  0.30017640571860976     
  0.29885920413672495     
  0.29753849609657379     
  0.29621448178844917     
  0.29488735776595032     
  0.29355731699853427     
  0.29222454892338140     
  0.29088923949658396     
  0.28955157124366543     
  0.28821172330943928     
  0.28686987150721505     
  0.28552618836736010     
  0.28418084318522469     
  0.28283400206843839     
  0.28148582798358557     
  0.28013648080226755     
  0.27878611734655917     
  0.27743489143386735     
  0.27608295392119836     
  0.27473045274884228     
  0.27337753298348066     
  0.27202433686072552     
  0.27067100382709591     
  0.26931767058143996     
  0.26796447111580807     
  0.26661153675578536     
  0.26525899620028914     
  0.26390697556083842     
  0.26255559840030218     
  0.26120498577113249     
  0.25985525625308925     
  0.25850652599046259     
  0.25715890872879960     
  0.25581251585114101     
  0.25446745641377450     
  0.25312383718151016     
  0.25178176266248459     
  0.25044133514249906     
  0.24910265471889773     
  0.24776581933399189     
  0.24643092480803563     
  0.24509806487175850     
  0.24376733119846111     
  0.24243881343567869     
  0.24111259923641831     
  0.23978877428997505     
  0.23846742235233240     
  0.23714862527615196     
  0.23583246304035796     
  0.23451901377932127     
  0.23320835381164834     
  0.23190055766857970     
  0.23059569812200317     
  0.22929384621208657     
  0.22799507127453456     
  0.22669944096747480     
  0.22540702129797757     
  0.22411787664821378     
  0.22283206980125603     
  0.22154966196652684     
  0.22027071280489904     
  0.21899528045345235     
  0.21772342154989047     
  0.21645519125662335     
  0.21519064328451859     
  0.21392982991632611     
  0.21267280202978059     
  0.21141960912038532     
  0.21017029932388204     
  0.20892491943841013     
  0.20768351494635975     
  0.20644613003592235     
  0.20521280762234262     
  0.20398358936887570     
  0.20275851570745332     
  0.20153762585906260     
  0.20032095785384132     
  0.19910854855089308     
  0.19790043365782606     
  0.19669664775001888     
  0.19549722428961716     
  0.19430219564426399     
  0.19311159310556791     
  0.19192544690731192     
  0.19074378624340635     
  0.18956663928558948     
  0.18839403320087861     
  0.18722599416877528     
  0.18606254739822742     
  0.18490371714435178     
  0.18374952672491968     
  0.18259999853660902     
  0.18145515407102586     
  0.18031501393049815     
  0.17917959784364493     
  0.17804892468072364     
  0.17692301246875858     
  0.17580187840645325     
  0.17468553887888946     
  0.17357400947201582     
  0.17246730498692864     
  0.17136543945394755     
  0.17026842614648896     
  0.16917627759473944     
  0.16808900559913217     
  0.16700662124362878     
  0.16592913490880892     
  0.16485655628477056     
  0.16378889438384295     
  0.16272615755311512     
  0.16166835348678213     
  0.16061548923831145     
  0.15956757123243184     
  0.15852460527694720     
  0.15748659657437744     
  0.15645354973342881     
  0.15542546878029598     
  0.15440235716979786     
  0.15338421779634961     
  0.15237105300477277     
  0.15136286460094578     
  0.15035965386229702     
  0.14936142154814230     
  0.14836816790986909     
  0.14737989270096916     
  0.14639659518692205     
  0.14541827415493114     
  0.14444492792351407     
  0.14347655435195000     
  0.14251315084958494     
  0.14155471438499756     
  0.14060124149502715     
  0.13965272829366540     
  0.13870917048081419     
  0.13777056335091076     
  0.13683690180142241     
  0.13590818034121216     
  0.13498439309877727     
  0.13406553383036235     
  0.13315159592794859     
  0.13224257242712087     
  0.13133845601481448     
  0.13043923903694279     
  0.12954491350590780     
  0.12865547110799488     
  0.12777090321065343     
  0.12689120086966496     
  0.12601635483620000     
  0.12514635556376555     
  0.12428119321504433     
  0.12342085766862745     
  0.12256533852564190     
  0.12171462511627421     
  0.12086870650619182     
  0.12002757150286353     
  0.11919120866178021     
  0.11835960629257743     
  0.11753275246506110     
  0.11671063501513763     
  0.11589324155064970     
  0.11508055945711915     
  0.11427257590339814     
  0.11346927784722984     
  0.11267065204071994     
  0.11187668503572017     
  0.11108736318912502     
  0.11030267266808289     
  0.10952259945512287     
  0.10874712935319827     
  0.10797624799064802     
  0.10720994082607715     
  0.10644819315315744     
  0.10569099010534931     
  0.10493831666054611     
  0.10419015764564184     
  0.10344649774102331     
  0.10270732148498800     
  0.10197261327808831     
  0.10124235738740360     
  0.10051653795074077     
   9.9795138980764461E-002
   9.9078144369057888E-002
   9.8365537890115248E-002
   9.7657303205266638E-002
   9.6953423866536492E-002
   9.6253883320436426E-002
   9.5558664911693389E-002
   9.4867751886914153E-002
   9.4181127398186876E-002
   9.3498774506620752E-002
   9.2820676185824527E-002
   9.2146815325324899E-002
   9.1477174733925443E-002
   9.0811737143007068E-002
   9.0150485209770800E-002
   8.9493401520423663E-002
   8.8840468593308533E-002
   8.8191668881978727E-002
   8.7546984778218095E-002
   8.6906398615007499E-002
   8.6269892669438283E-002
   8.5637449165573656E-002
   8.5009050277258635E-002
   8.4384678130879312E-002
   8.3764314808072227E-002
   8.3147942348384449E-002
   8.2535542751885224E-002
   8.1927097981729771E-002
   8.1322589966675990E-002
   8.0722000603554722E-002
   8.0125311759694298E-002
   7.9532505275299897E-002
   7.8943562965788625E-002
   7.8358466624080692E-002
   7.7777198022847480E-002
   7.7199738916717123E-002
   7.6626071044438179E-002
   7.6056176131002060E-002
   7.5490035889724721E-002
   7.4927632024288399E-002
   7.4368946230743763E-002
   7.3813960199473255E-002
   7.3262655617116090E-002
   7.2715014168455494E-002
   7.2171017538268767E-002
   7.1630647413140722E-002
   7.1093885483241012E-002
   7.0560713444065948E-002
   7.0031112998145267E-002
   6.9505065856714399E-002
   6.8982553741352814E-002
   6.8463558385588832E-002
   6.7948061536471524E-002
   6.7436044956110122E-002
   6.6927490423181468E-002
   6.6422379734405984E-002
   6.5920694705992586E-002
   6.5422417175053121E-002
   6.4927529000986667E-002
   6.4436012066834247E-002
   6.3947848280604389E-002
   6.3463019576569912E-002
   6.2981507916536505E-002
   6.2503295291083408E-002
   6.2028363720776712E-002
   6.1556695257355624E-002
   6.1088271984892195E-002
   6.0623076020924857E-002
   6.0161089517566227E-002
   5.9702294662585524E-002
   5.9246673680466044E-002
   5.8794208833438041E-002
   5.8344882422487448E-002
   5.7898676788340743E-002
   5.7455574312426427E-002
   5.7015557417813403E-002
   5.6578608570126657E-002
   5.6144710278440584E-002
   5.5713845096150363E-002
   5.5285995621821647E-002
   5.4861144500018957E-002
   5.4439274422113160E-002
   5.4020368127068272E-002
   5.3604408402208016E-002
   5.3191378083962362E-002
   5.2781260058594487E-002
   5.2374037262908332E-002
   5.1969692684937209E-002
   5.1568209364613676E-002
   5.1169570394420986E-002
   5.0773758920026488E-002
   5.0380758140897153E-002
   4.9990551310897649E-002
   4.9603121738871152E-002
   4.9218452789203206E-002
   4.8836527882368946E-002
   4.8457330495463920E-002
   4.8080844162718787E-002
   4.7707052475998178E-002
   4.7335939085283961E-002
   4.6967487699143190E-002
   4.6601682085181000E-002
   4.6238506070478656E-002
   4.5877943542017081E-002
   4.5519978447086024E-002
   4.5164594793679194E-002
   4.4811776650875532E-002
   4.4461508149206908E-002
   4.4113773481012419E-002
   4.3768556900779604E-002
   4.3425842725472695E-002
   4.3085615334848212E-002
   4.2747859171758107E-002
   4.2412558742440605E-002
   4.2079698616799076E-002
   4.1749263428669026E-002
   4.1421237876073512E-002
   4.1095606721467115E-002
   4.0772354791968730E-002
   4.0451466979583323E-002
   4.0132928241412874E-002
   3.9816723599856704E-002
   3.9502838142801387E-002
   3.9191257023800385E-002
   3.8881965462243651E-002
   3.8574948743517336E-002
   3.8270192219153808E-002
   3.7967681306972173E-002
   3.7667401491209403E-002
   3.7369338322642331E-002
   3.7073477418700637E-002
   3.6779804463570986E-002
   3.6488305208292493E-002
   3.6198965470843697E-002
   3.5911771136221161E-002
   3.5626708156509909E-002
   3.5343762550945797E-002
   3.5062920405970026E-002
   3.4784167875275898E-002
   3.4507491179848013E-002
   3.4232876607993998E-002
   3.3960310515368977E-002
   3.3689779324992862E-002
   3.3421269527260634E-002
   3.3154767679945775E-002
   3.2890260408196918E-002
   3.2627734404527944E-002
   3.2367176428801561E-002
   3.2108573308206559E-002
   3.1851911937228854E-002
   3.1597179277616447E-002
   3.1344362358338387E-002
   3.1093448275537935E-002
   3.0844424192479961E-002
   3.0597277339492773E-002
   3.0351995013904440E-002
   3.0108564579973740E-002
   2.9866973468815870E-002
   2.9627209178322973E-002
   2.9389259273079664E-002
   2.9153111384273601E-002
   2.8918753209601241E-002
   2.8686172513168875E-002
   2.8455357125389054E-002
   2.8226294942872501E-002
   2.7998973928315594E-002
   2.7773382110383552E-002
   2.7549507583589396E-002
   2.7327338508168788E-002
   2.7106863109950839E-002
   2.6888069680224981E-002
   2.6670946575603999E-002
   2.6455482217883311E-002
   2.6241665093896561E-002
   2.6029483755367656E-002
   2.5818926818759299E-002
   2.5609982965118107E-002
   2.5402640939916409E-002
   2.5196889552890789E-002
   2.4992717677877477E-002
   2.4790114252644647E-002
   2.4589068278721694E-002
   2.4389568821225602E-002
   2.4191605008684430E-002
   2.3995166032858041E-002
   2.3800241148556101E-002
   2.3606819673453440E-002
   2.3414890987902857E-002
   2.3224444534745418E-002
   2.3035469819118325E-002
   2.2847956408260425E-002
   2.2661893931315416E-002
   2.2477272079132825E-002
   2.2294080604066818E-002
   2.2112309319772896E-002
   2.1931948101002564E-002
   2.1752986883396001E-002
   2.1575415663272816E-002
   2.1399224497420939E-002
   2.1224403502883703E-002
   2.1050942856745171E-002
   2.0878832795913783E-002
   2.0708063616904353E-002
   2.0538625675618490E-002
   2.0370509387123478E-002
   2.0203705225429677E-002
   2.0038203723266514E-002
   1.9873995471857066E-002
   1.9711071120691342E-002
   1.9549421377298273E-002
   1.9389037007016472E-002
   1.9229908832763810E-002
   1.9072027734805860E-002
   1.8915384650523233E-002
   1.8759970574177887E-002
   1.8605776556678416E-002
   1.8452793705344382E-002
   1.8301013183669734E-002
   1.8150426211085344E-002
   1.8001024062720711E-002
   1.7852798069164861E-002
   1.7705739616226505E-002
   1.7559840144693469E-002
   1.7415091150091436E-002
   1.7271484182442075E-002
   1.7129010846020528E-002
   1.6987662799112353E-002
   1.6847431753769924E-002
   1.6708309475568332E-002
   1.6570287783360817E-002
   1.6433358549033768E-002
   1.6297513697261339E-002
   1.6162745205259673E-002
   1.6029045102540811E-002
   1.5896405470666286E-002
   1.5764818443000438E-002
   1.5634276204463508E-002
   1.5504770991284484E-002
   1.5376295090753792E-002
   1.5248840840975806E-002
   1.5122400630621240E-002
   1.4996966898679435E-002
   1.4872532134210564E-002
   1.4749088876097790E-002
   1.4626629712799401E-002
   1.4505147282100943E-002
   1.4384634270867369E-002
   1.4265083414795255E-002
   1.4146487498165073E-002
   1.4028839353593560E-002
   1.3912131861786216E-002
   1.3796357951289927E-002
   1.3681510598245759E-002
   1.3567582826141936E-002
   1.3454567705567017E-002
   1.3342458353963294E-002
   1.3231247935380450E-002
   1.3120929660229456E-002
   1.3011496785036778E-002
   1.2902942612198862E-002
   1.2795260489736953E-002
   1.2688443811052250E-002
   1.2582486014681413E-002
   1.2477380584052440E-002
   1.2373121047240943E-002
   1.2269700976726821E-002
   1.2167113989151360E-002
   1.2065353745074768E-002
   1.1964413948734163E-002
   1.1864288347802024E-002
   1.1764970733145143E-002
   1.1666454938584049E-002
   1.1568734840652956E-002
   1.1471804358360241E-002
   1.1375657452949444E-002
   1.1280288127660836E-002
   1.1185690427493535E-002
   1.1091858438968209E-002
   1.0998786289890362E-002
   1.0906468149114220E-002
   1.0814898226307232E-002
   1.0724070771715185E-002
   1.0633980075927965E-002
   1.0544620469645950E-002
   1.0455986323447066E-002
   1.0368072047554503E-002
   1.0280872091605104E-002
   1.0194380944418442E-002
   1.0108593133766594E-002
   1.0023503226144603E-002
   9.9391058265416669E-003
   9.8553955782130394E-003
   9.7723671624526595E-003
   9.6900152983665153E-003
   9.6083347426467597E-003
   9.5273202893465699E-003
   9.4469667696557656E-003
   9.3672690516772017E-003
   9.2882220402039258E-003
   9.2098206764971192E-003
   9.1320599380648251E-003
   9.0549348384414644E-003
   8.9784404269681612E-003
   8.9025717885738622E-003
   8.8273240435572716E-003
   8.7526923473696030E-003
   8.6786718903981500E-003
   8.6052578977506861E-003
   8.5324456290406959E-003
   8.4602303781734414E-003
   8.3886074731328673E-003
   8.3175722757693592E-003
   8.2471201815883452E-003
   8.1772466195397520E-003
   8.1079470518083206E-003
   8.0392169736047837E-003
   7.9710519129579053E-003
   7.9034474305073928E-003
   7.8363991192976819E-003
   7.7699026045725903E-003
   7.7039535435708554E-003
   7.6385476253225497E-003
   7.5736805704463830E-003
   7.5093481309478887E-003
   7.4455460900184978E-003
   7.3822702618355062E-003
   7.3195164913629355E-003
   7.2572806541532859E-003
   7.1955586561501883E-003
   7.1343464334919556E-003
   7.0736399523160329E-003
   7.0134352085643517E-003
   6.9537282277895868E-003
   6.8945150649623154E-003
   6.8357918042790868E-003
   6.7775545589713968E-003
   6.7197994711155670E-003
   6.6625227114435392E-003
   6.6057204791545743E-003
   6.5493890017278636E-003
   6.4935245347360485E-003
   6.4381233616596549E-003
   6.3831817937024362E-003
   6.3286961696076291E-003
   6.2746628554751207E-003
   6.2210782445795290E-003
   6.1679387571891911E-003
   6.1152408403860681E-003
   6.0629809678865599E-003
   6.0111556398632299E-003
   5.9597613827674393E-003
   5.9087947491528953E-003
   5.8582523175001074E-003
   5.8081306920417528E-003
   5.7584265025889484E-003
   5.7091364043584331E-003
   5.6602570778006558E-003
   5.6117852284287692E-003
   5.5637175866485276E-003
   5.5160509075890905E-003
   5.4687819709347265E-003
   5.4219075807574188E-003
   5.3754245653503735E-003
   5.3293297770624229E-003
   5.2836200921333298E-003
   5.2382924105299827E-003
   5.1933436557834913E-003
   5.1487707748271716E-003
   5.1045707378354222E-003
   5.0607405380634889E-003
   5.0172771916881199E-003
   4.9741777376491056E-003
   4.9314392374917027E-003
   4.8890587752099387E-003
   4.8470334570907990E-003
   4.8053604115592908E-003
   4.7640367890243833E-003
   4.7230597617258221E-003
   4.6824265235818159E-003
   4.6421342900375938E-003
   4.6021802979148256E-003
   4.5625618052619141E-003
   4.5232760912051447E-003
   4.4843204558006975E-003
   4.4456922198875199E-003
   4.4073887249410498E-003
   4.3694073329277969E-003
   4.3317454261607730E-003
   4.2944004071557703E-003
   4.2573696984884845E-003
   4.2206507426524832E-003
   4.1842410019180135E-003
   4.1481379581916472E-003
   4.1123391128767613E-003
   4.0768419867348513E-003
   4.0416441197476732E-003
   4.0067430709802149E-003
   3.9721364184444859E-003
   3.9378217589641365E-003
   3.9037967080398869E-003
   3.8700588997157776E-003
   3.8366059864462306E-003
   3.8034356389639191E-003
   3.7705455461484461E-003
   3.7379334148958240E-003
   3.7055969699887575E-003
   3.6735339539677231E-003
   3.6417421270028422E-003
   3.6102192667665481E-003
   3.5789631683070399E-003
   3.5479716439225217E-003
   3.5172425230362262E-003
   3.4867736520722147E-003
   3.4565628943319560E-003
   3.4266081298716753E-003
   3.3969072553804757E-003
   3.3674581840592251E-003
   3.3382588455002065E-003
   3.3093071855675280E-003
   3.2806011662782908E-003
   3.2521387656845118E-003
   3.2239179777557936E-003
   3.1959368122627453E-003
   3.1681932946611450E-003
   3.1406854659768446E-003
   3.1134113826914119E-003
   3.0863691166285049E-003
   3.0595567548409803E-003
   3.0329723994987276E-003
   3.0066141677772273E-003
   2.9804801917468326E-003
   2.9545686182627646E-003
   2.9288776088558263E-003
   2.9034053396238251E-003
   2.8781500011237035E-003
   2.8531097982643751E-003
   2.8282829502002597E-003
   2.8036676902255192E-003
   2.7792622656689849E-003
   2.7550649377897766E-003
   2.7310739816736110E-003
   2.7072876861297928E-003
   2.6837043535888876E-003
   2.6603223000010714E-003
   2.6371398547351552E-003
   2.6141553604782813E-003
   2.5913671731362855E-003
   2.5687736617347238E-003
   2.5463732083205620E-003
   2.5241642078645200E-003
   2.5021450681640719E-003
   2.4803142097470968E-003
   2.4586700657761762E-003
   2.4372110819535367E-003
   2.4159357164266330E-003
   2.3948424396943676E-003
   2.3739297345139461E-003
   2.3531960958083609E-003
   2.3326400305745060E-003
   2.3122600577919115E-003
   2.2920547083321030E-003
   2.2720225248685751E-003
   2.2521620617873815E-003
   2.2324718850983347E-003
   2.2129505723468132E-003
   2.1935967125261738E-003
   2.1744089059907638E-003
   2.1553857643695318E-003
   2.1365259104802322E-003
   2.1178279782442209E-003
   2.0992906126018388E-003
   2.0809124694283810E-003
   2.0626922154506457E-003
   2.0446285281640617E-003
   2.0267200957503908E-003
   2.0089656169960022E-003
   1.9913638012107153E-003
   1.9739133681472062E-003
   1.9566130479209778E-003
   1.9394615809308884E-003
   1.9224577177802346E-003
   1.9056002191983881E-003
   1.8888878559629805E-003
   1.8723194088226349E-003
   1.8558936684202399E-003
   1.8396094352167635E-003
   1.8234655194156032E-003
   1.8074607408874697E-003
   1.7915939290958016E-003
   1.7758639230227055E-003
   1.7602695710954223E-003
   1.7448097311133128E-003
   1.7294832701753619E-003
   1.7142890646081974E-003
   1.6992259998946208E-003
   1.6842929706026469E-003
   1.6694888803150476E-003
   1.6548126415594007E-003
   1.6402631757386364E-003
   1.6258394130620809E-003
   1.6115402924769934E-003
   1.5973647616005942E-003
   1.5833117766525799E-003
   1.5693803023881230E-003
   1.5555693120313536E-003
   1.5418777872093197E-003
   1.5283047178864229E-003
   1.5148491022993272E-003
   1.5015099468923374E-003
   1.4882862662532453E-003
   1.4751770830496388E-003
   1.4621814279656732E-003
   1.4492983396393001E-003
   1.4365268645999520E-003
   1.4238660572066803E-003
   1.4113149795867421E-003
   1.3988727015746337E-003
   1.3865383006515693E-003
   1.3743108618854011E-003
   1.3621894778709763E-003
   1.3501732486709316E-003
   1.3382612817569204E-003
   1.3264526919512694E-003
   1.3147466013690629E-003
   1.3031421393606536E-003
   1.2916384424545926E-003
   1.2802346543009809E-003
   1.2689299256152370E-003
   1.2577234141222782E-003
   1.2466142845011128E-003
   1.2356017083298427E-003
   1.2246848640310695E-003
   1.2138629368177063E-003
   1.2031351186391885E-003
   1.1925006081280835E-003
   1.1819586105470961E-003
   1.1715083377364665E-003
   1.1611490080617592E-003
   1.1508798463620378E-003
   1.1407000838984285E-003
   1.1306089583030632E-003
   1.1206057135284039E-003
   1.1106895997969456E-003
   1.1008598735512930E-003
   1.0911157974046110E-003
   1.0814566400914446E-003
   1.0718816764189077E-003
   1.0623901872182354E-003
   1.0529814592967011E-003
   1.0436547853898931E-003
   1.0344094641143494E-003
   1.0252447999205478E-003
   1.0161601030462502E-003
   1.0071546894701963E-003
   9.9822788086614779E-004
   9.8937900455727651E-004
   9.8060739347089810E-004
   9.7191238609354691E-004
   9.6329332642638911E-004
   9.5474956394097363E-004
   9.4628045353531756E-004
   9.3788535549032344E-004
   9.2956363542652726E-004
   9.2131466426117353E-004
   9.1313781816561637E-004
   9.0503247852304406E-004
   8.9699803188652400E-004
   8.8903386993736770E-004
   8.8113938944381115E-004
   8.7331399222001093E-004
   8.6555708508535183E-004
   8.5786807982406524E-004
   8.5024639314515524E-004
   8.4269144664263077E-004
   8.3520266675604160E-004
   8.2777948473131623E-004
   8.2042133658189896E-004
   8.1312766305018450E-004
   8.0589790956924878E-004
   7.9873152622487206E-004
   7.9162796771785413E-004
   7.8458669332661865E-004
   7.7760716687010458E-004
   7.7068885667094301E-004
   7.6383123551891738E-004
   7.5703378063470461E-004
   7.5029597363389584E-004
   7.4361730049129419E-004
   7.3699725150548840E-004
   7.3043532126369922E-004
   7.2393100860689767E-004
   7.1748381659519304E-004
   7.1109325247348785E-004
   7.0475882763739936E-004
   6.9848005759944455E-004
   6.9225646195548703E-004
   6.8608756435144410E-004
   6.7997289245025230E-004
   6.7391197789908898E-004
   6.6790435629684899E-004
   6.6194956716187367E-004
   6.5604715389993098E-004
   6.5019666377244469E-004
   6.4439764786497120E-004
   6.3864966105592173E-004
   6.3295226198552832E-004
   6.2730501302505194E-004
   6.2170748024623112E-004
   6.1615923339096890E-004
   6.1065984584125668E-004
   6.0520889458933337E-004
   5.9980596020807800E-004
   5.9445062682163393E-004
   5.8914248207626331E-004
   5.8388111711142967E-004
   5.7866612653110767E-004
   5.7349710837531769E-004
   5.6837366409188386E-004
   5.6329539850841421E-004
   5.5826191980450058E-004
   5.5327283948413753E-004
   5.4832777234835816E-004
   5.4342633646808512E-004
   5.3856815315719581E-004
   5.3375284694579970E-004
   5.2898004555372623E-004
   5.2424937986422229E-004
   5.1956048389785665E-004
   5.1491299478663140E-004
   5.1030655274829709E-004
   5.0574080106087146E-004
   5.0121538603735980E-004
   4.9672995700067511E-004
   4.9228416625875682E-004
   4.8787766907988726E-004
   4.8351012366820299E-004
   4.7918119113940098E-004
   4.7489053549663732E-004
   4.7063782360661730E-004
   4.6642272517587549E-004
   4.6224491272724432E-004
   4.5810406157650982E-004
